4 15,19,27,0 2 23,9,21,29,5,10 28 10 7,7,1,18 29,1,6 15,19,19,18 25,6 11,7,14 
17,11,0 7,8 22 9,2 1,22 23,6 3,13,9,10 20 10 20 11,3,27,27,22 16 15,10 22 18 17,
29,28 28 21,5,29,13,6 23,14 29,8 12 24 22 21,4 12 23,16 16 27,13,13,11,29,20 21,14 0 
0 13,28 21,26 3,20 9,2 13,23,1,13,5,25,5,27,21,10 20 7,26 9,21,1,21,12 13,4 18 
13,5,1,12 26 27,7,16 28 1,21,21,2 4 19,19,10 8 2 12 20 10 8 0 23,1,21,27,14 25,
16 27,22 9,1,18 29,1,26 27,2 17,11,27,14 0 8 16 8 11,28 28 21,28 20 6 29,11,3,13,
29,19,2 21,29,4 2 28 27,20 25,29,0 6 18 14 28 27,22 28 8 20 19,21,10 9,27,9,13,0 
14 12 12 16 25,3,12 19,1,9,10 18 9,10 17,27,16 7,24 8 6 24 28 25,15,8 4 12 9,17,
5,23,21,17,1,9,20 14 28 13,23,8 23,2 10 10 22 26 18 8 4 16 3,24 11,18 24 7,23,3,
25,28 18 16 7,20 25,19,26 16 24 19,16 17,14 27,20 28 15,0 6 20 16 9,14 19,20 9,26 13,
4 21,11,15,0 10 27,17,29,23,25,23,12 12 10 18 1,22 16 16 22 15,6 8 24 13,19,6 22 16 
19,18 29,22 3,21,2 0 9,1,23,26 16 28 8 19,16 9,11,25,26 4 10 24 4 26 7,16 3,29,
2 22 10 1,7,13,23,9,14 24 11,7,20 19,27,21,8 14 22 20 1,18 16 3,13,12 29,12 28 24 
4 22 9,14 16 16 27,9,25,11,25,28 11,7,18 8 20 18 14 13,8 15,1,16 18 6 21,10 19,11,
4 23,4 13,7,20 29,26 21,25,8 8 23,19,15,3,27,28 22 4 11,22 19,4 1,0 3,22 10 22 
3,14 7,7,28 6 27,19,2 10 14 2 18 0 21,26 25,11,24 17,15,5,2 26 1,3,26 4 25,28 
18 28 5,25,28 25,23,17,14 18 28 21,20 8 13,4 4 8 7,20 18 22 25,20 10 19,23,29,23,18 
27,12 8 24 29,6 19,15,16 4 3,6 17,15,14 0 19,19,8 26 9,26 10 27,16 21,8 9,12 1,
19,1,5,28 26 27,26 15,12 4 11,7,10 28 22 25,20 12 6 29,8 7,17,11,26 4 2 4 5,6 
28 17,7,3,15,3,0 3,11,4 8 22 11,10 13,4 5,3,8 3,24 8 3,12 19,29,8 13,4 5,
19,2 22 27,27,7,0 20 3,11,24 3,26 6 13,1,2 11,4 10 14 21,10 9,3,0 9,11,13,5,
8 25,29,1,22 26 0 14 16 3,18 11,6 6 9,12 7,3,23,3,5,29,24 15,9,19,15,10 0 21,
15,9,16 14 2 0 10 2 6 19,6 24 22 4 0 1,16 29,26 1,3,1,1,19,16 2 9,2 12 1,
15,27,2 1,11,4 23,13,7,29,2 13,16 24 9,8 17,26 8 13,19,3,14 20 22 1,14 23,25,26 
25,10 15,27,3,18 2 18 24 1,17,26 6 3,13,15,12 22 3,12 6 23,15,12 5,29,5,20 23,22 
8 10 24 24 7,19,4 1,7,28 24 17,17,0 20 0 16 24 14 11,28 12 4 5,25,2 5,22 22 20 
15,22 0 9,8 29,29,13,23,28 3,17,15,20 18 28 12 26 22 27,7,13,9,4 18 26 6 23,19,20 
5,26 4 27,5,13,27,26 18 20 25,21,7,10 4 17,8 16 13,23,5,13,6 7,17,24 25,15,10 6 
27,15,2 1,13,0 6 2 26 16 22 13,8 21,24 4 9,24 12 22 9,18 27,15,17,6 2 12 21,12 
19,10 19,13,4 24 13,2 26 2 19,10 15,19,2 1,23,3,18 5,17,27,15,15,13,24 21,7,7,5,
19,18 15,0 23,11,25,29,14 13,1,3,24 8 22 18 2 7,21,20 12 8 17,20 23,22 14 15,29,13,
12 10 23,27,11,17,1,28 16 15,11,9,18 5,17,2 23,19,9,6 1,13,15,11,3,8 3,10 15,25,
15,27,27,9,17,8 18 18 6 26 25,10 5,5,7,14 7,23,26 8 29,27,21,14 8 17,15,4 27,22 
29,12 20 26 13,29,27,1,9,25,